 Latit   Longit   ut_start_time      ut_end_time        xch4      xch4_error
 45.940  -90.270  2004 194 15 48 17  2004 194 17 18 19 1.745E-06  9.080E-09
 45.940  -90.270  2008 133 16 49 18  2008 133 18 25 29 1.765E-06  1.436E-08
 36.050  140.120  2009 015 01 20 00  2009 015 03 50 00 1.808E-06  1.092E-08
-45.050  169.680  2009 020 21 20 20  2009 021 06 04 20 1.701E-06  7.782E-09
 36.600  -97.490  2009 030 19 32 32  2009 030 21 16 30 1.801E-06  6.032E-09
 36.600  -97.490  2009 212 14 07 00  2009 212 18 01 00 1.796E-06  8.367E-09
 36.600  -97.490  2009 214 14 35 00  2009 214 18 27 00 1.789E-06  8.439E-09
 36.600  -97.490  2009 215 14 44 00  2009 215 18 30 00 1.787E-06  8.609E-09
-34.410  150.880  2009 319 00 12 45  2009 319 01 39 28 1.735E-06  7.493E-09
