 Latit   Longit   ut_start_time      ut_end_time        xco      xco_error
 45.940  -90.270  2004 197 12 41 09  2004 197 16 19 00 9.962E-08  9.515E-09
 45.940  -90.270  2004 228 18 34 28  2004 228 22 14 53 8.796E-08  8.890E-09
 45.940  -90.270  2008 133 16 49 18  2008 133 18 25 29 1.108E-07  8.068E-09
-45.050  169.680  2009 020 21 20 20  2009 021 06 04 20 4.972E-08  6.060E-09
 36.600  -97.490  2009 030 19 32 32  2009 030 21 16 30 9.961E-08  6.186E-09
 36.600  -97.490  2009 212 14 07 00  2009 212 18 01 00 9.558E-08  3.248E-09
 36.600  -97.490  2009 214 14 35 00  2009 214 18 27 00 8.266E-08  2.653E-09
 36.600  -97.490  2009 215 14 44 00  2009 215 18 30 00 7.894E-08  2.694E-09
-34.410  150.880  2009 319 00 12 45  2009 319 01 39 28 7.662E-08  5.968E-09
