20 15
format=(a1,2i2,1x,a8,a20,i4,e14.6,2f6.0,i4,f6.2,f7.3,f6.2,i3,36(f6.0,i2))
c1       a1  = Column 1 is ' ' or ':', which allows lines to be commented out
gas      i2  = Gas Number (H2O=1,CO2=2, etc)
iso      i2  = Isotopolog # (1 = most abundant; 0=PLL)
name     a8  = Short name of gas
speci_id a20 = Long name of species
icode    i4  = Numeric isotopolog code
fia      e14 = Fractional Isotopic Abundance
delta    f6  = Isotopic fractionation in troposphere (per mil)
eps      f6  = Altitude dependence of isotopic fractionation in strat (per mil per factor e)
mw       i4  = Molecular Weight/Mass
ewvb     f6  = Extra Water Vapor Broadening (over and above air-broadening)
atc      f7  = Additional Temperature Correction (for some PLL)
tdrpf    f6  = Temperature-Dependence of Rotational Partition Function
nmode    i3  = Number of fundamantal vibrational modes
vib(i)   f6  = Frequency (cm-1) of i'th fundamental vibrational mode
deg(i)   i2  = Degeneracy of i'th fundamantal vibrational mode

c1 gas iso name    speci_id       icode     fia      delta   eps  mw  ewvb   atc  tdrpf nmode vib1 deg1
  1 1 H2O     H (16)O H            161  0.997317E-00     0     0  18  0.00  0.000  1.50  3  3657 1  1595 1  3756 1
  1 2 H2O     H (18)O H            181  0.199983E-02  -000     0  20  0.00  0.000  1.50  3  3650 1  1588 1  3742 1
  1 3 H2O     H (17)O H            171  0.037200E-02   -00     0  19  0.00  0.000  1.50  3  3653 1  1591 1  3748 1
  2 1 CO2     (16)O (12)C (16)O    626  0.984204E-00     0     0  44  0.70  0.000  1.00  3  1388 1   667 2  2349 1
  2 2 CO2     (16)O (13)C (16)O    636  0.011057E-00    -8    20  45  0.70  0.000  1.00  3  1370 1   648 2  2283 1
  2 3 CO2     (16)O (12)C (18)O    628  0.394710E-02    41  -100  46  0.70  0.000  1.00  3  1366 1   662 2  2332 1
  2 4 CO2     (16)O (12)C (17)O    627  0.733989E-03    21  -171  45  0.70  0.000  1.00  3  1376 1   665 2  2340 1
  2 5 CO2     (16)O (13)C (18)O    638  0.044345E-03     0     0  47  0.70  0.000  1.00  3  1342 1   643 2  2266 1
  2 6 CO2     (16)O (13)C (17)O    637  0.008246E-03     0     0  46  0.70  0.000  1.00  3  1355 1   646 2  2274 1
  2 7 CO2     (18)O (12)C (18)O    828  0.003957E-03     0     0  48  0.70  0.000  1.00  3  1347 1   657 2  2314 1
  2 8 CO2     (17)O (12)C (18)O    728  0.001472E-03     0     0  47  0.70  0.000  1.00  3  1357 1   660 2  2322 1
  2 9 CO2     (17)O (12)C (17)O    727  0.000137E-03     0     0  49  0.70  0.000  1.00  3  1357 1   660 2  2322 1
  210 CO2     (18)O (13)C (18)O    838  0.000044E-03     0     0  49  0.70  0.000  1.00  3  1357 1   660 2  2322 1
  211 CO2     (18)O (13)C (17)O    837  0.000017E-03     0     0  48  0.70  0.000  1.00  3  1357 1   660 2  2322 1
  212 CO2     (17)O (13)C (17)O    737  0.000002E-03     0     0  47  0.70  0.000  1.00  3  1357 1   660 2  2322 1
  3 1 O3      (16)O (16)O (16)O    666  0.992901E-00     0     0  48  0.40  0.000  1.50  3  1103 1   701 1  1042 1
  3 2 O3      (16)O (16)O (18)O    668  0.398194E-02   150     0  50  0.40  0.000  1.50  3  1090 1   685 1  1028 1
  3 3 O3      (16)O (18)O (16)O    686  0.199097E-02   100     0  50  0.40  0.000  1.50  3  1074 1   693 1  1008 1
  3 4 O3      (16)O (16)O (17)O    667  0.074000E-02     0     0  49  0.40  0.000  1.50  3  1036 1   692 1  1095 1
  3 5 O3      (16)O (17)O (16)O    676  0.037000E-02     0     0  49  0.40  0.000  1.50  3  1024 1   697 1  1088 1
  4 1 N2O     (14)N (14)N (16)O    446  0.990333E-00     0     0  44  0.60  0.000  1.00  3  2224 1   589 2  1285 1
  4 2 N2O     (14)N (15)N (16)O    456  0.364090E-02    16   -45  45  0.60  0.000  1.00  3  2178 1   575 2  1280 1
  4 3 N2O     (15)N (14)N (16)O    546  0.364090E-02    -2   -20  45  0.60  0.000  1.00  3  2202 1   585 2  1270 1
  4 4 N2O     (14)N (14)N (18)O    448  0.198580E-02    21   -30  46  0.60  0.000  1.00  3  2217 1   584 2  1247 1
  4 5 N2O     (14)N (14)N (17)O    447  0.369000E-03     7   -15  45  0.60  0.000  1.00  3  2220 1   586 2  1265 1
  4 6 N2O     (15)N (15)N (16)O    556  0.112000E-04     0     0  46  0.60  0.000  1.00  3  2155 1   572 2  1265 1
  4 7 N2O     (14)N (15)N (18)O    458  0.730000E-05     0     0  47  0.60  0.000  1.00  3  2171 1   565 2  1260 1
  4 8 N2O     (15)N (14)N (18)O    548  0.730000E-05     0     0  47  0.60  0.000  1.00  3  2194 1   565 2  1260 1
  5 1 CO      (12)C (16)O           26  0.986540E-00     0     0  28  0.70  0.000  1.00  1  2143 1
  5 2 CO      (13)C (16)O           36  0.110800E-01   -27     0  29  0.70  0.000  1.00  1  2096 1
  5 3 CO      (12)C (18)O           28  0.197820E-02     0     0  30  0.70  0.000  1.00  1  2092 1
  5 4 CO      (12)C (17)O           27  0.036800E-02     0     0  29  0.70  0.000  1.00  1  2116 1
  5 5 CO      (13)C (18)O           38  0.002222E-02     0     0  31  0.70  0.000  1.00  1  2044 1
  5 6 CO      (13)C (17)O           37  0.000413E-02     0     0  30  0.70  0.000  1.00  1  2069 1
  6 1 CH4     (12)C H4             211  0.988270E-00     0     0  16  0.36  0.000  1.50  4  2916 1  1533 2  3019 3  1311 3
  6 2 CH4     (13)C H4             311  0.011100E-00   -47     0  17  0.36  0.000  1.50  4  2916 1  1533 2  3010 3  1303 3
  6 3 CH4     (12)C H3 D           212  0.061575E-02     0     0  17  0.36  0.000  1.50  6  2969 1  2200 1  1307 1  3017 2  1472 2  1166 2
  6 4 CH4     (13)C H3 D           312  0.000692E-02     0     0  17  0.36  0.000  1.50  6  2969 1  2200 1  1307 1  3017 2  1472 2  1166 2
  7 0 O2      O2 CIA                66  0.000000E-00     0     0  32  0.40  0.000  1.00  1  1556 1
  7 1 O2      (16)O (16)O           66  0.995262E-00     0     0  32  0.40  0.000  1.00  1  1556 1
  7 2 O2      (16)O (18)O           68  0.399141E-02  23.5     0  34  0.40  0.000  1.00  1  1556 1
  7 3 O2      (16)O (17)O           67  0.000742E-00     0     0  33  0.40  0.000  1.00  1  1556 1
  8 1 NO      (14)N (16)O           46  0.993974E-00     0     0  30  0.40  0.000  1.23  1  1876 1
  8 2 NO      (15)N (16)O           56  0.036543E-01     0     0  31  0.40  0.000  1.23  1  1876 1
  8 3 NO      (14)N (18)O           48  0.199312E-02     0     0  32  0.40  0.000  1.23  1  1876 1
  9 1 SO2     (32)S (16)O2         626  0.945680E-00     0     0  64  0.40  0.000  1.50  3  1152 1   518 1  1362 1
  9 2 SO2     (34)S (16)O2         646  0.041950E-00     0     0  66  0.40  0.000  1.50  3  1152 1   518 1  1362 1
  9 3 SO2     (33)S (16)O2         636  0.007500E-00     0     0  65  0.40  0.000  1.50  3  1152 1   518 1  1362 1
 10 1 NO2     (14)N (16)O2         646  0.991616E-00     0     0  46  0.40  0.000  1.50  3  1320 1   750 1  1617 1
 10 2 NO2     (15)N (16)O2         646  0.003654E-00     0     0  47  0.40  0.000  1.50  3  1320 1   750 1  1580 1
 11 1 NH3     (14)N H3            4111  0.995872E-00     0     0  17  2.40  0.000  1.50  4  3337 1   950 1  3444 2  1627 2
 11 2 NH3     (15)N H3            5111  0.036613E-01     0     0  18  2.40  0.000  1.50  4  3334 1   929 1  3435 2  1623 2
 11 3 NH3     (14)N H2 D          4112  0.046547E-02     0     0  18  2.40  0.000  1.50  6  3404 1   810 1  2431 1  2560 1  1233 1  1461 1
 11 4 NH3     (15)N H2 D          5112  1.263400E-06     0     0  19  2.40  0.000  1.50  6  3404 1   810 1  2431 1  2560 1  1233 1  1461 1
 11 5 NH3     (14)N H D2          4122  5.953000E-08     0     0  19  2.40  0.000  1.50  6  2480 1   830 1  3398 2  2554 1  1235 1  1457 1
 11 6 NH3     (15)N H D2          5122  2.253000E-10     0     0  20  2.40  0.000  1.50  6  3404 1   810 1  2431 1  2560 1  1233 1  1461 1
 11 7 NH3     (14)N D3            4222  1.515000E-12     0     0  20  2.40  0.000  1.50  4  2416 1   759 1  2558 2  1188 2
 12 0 HNO3    HNO3 PLL             146  0.000000E-00     0     0  63  0.40  0.000  1.50  9  3551 1  1710 1  1326 1  1303 1   879 1   647 1   580 1   763 1   458 1
 12 1 HNO3    H (14)N (16)O3       146  0.989110E-00     0     0  63  0.40  0.000  1.50  9  3551 1  1710 1  1326 1  1303 1   879 1   647 1   580 1   763 1   458 1
 12 2 HNO3    H (15)N (16)O3       156  0.003640E-00     0     0  64  0.40  0.000  1.50  9  3551 1  1710 1  1326 1  1303 1   879 1   647 1   580 1   763 1   458 1
 13 1 OH      (16)O H               61  0.997473E-00     0     0  17  0.40  0.000  1.05  1  3570 1
 13 2 OH      (18)O H               81  0.200014E-02     0     0  19  0.40  0.000  1.05  1  3570 1
 13 3 OH      (16)O D               62  0.015537E-02     0     0  18  0.40  0.000  1.05  1  3570 1
 14 1 HF      H (19)F               19  0.999844E-00     0     0  20  0.40  0.000  1.00  1  3961 1
 14 2 HF      D (19)F               29  0.155750E-03     0     0  21  0.40  0.000  1.00  1  2888 1
 15 1 HCl     H (35)Cl              15  0.757587E-00     0     0  36  0.40  0.000  1.00  1  2886 1
 15 2 HCl     H (37)Cl              17  0.242257E-00     0     0  38  0.40  0.000  1.00  1  2884 1
 15 3 HCl     D (35)Cl              25  0.000118E-00     0     0  37  0.40  0.000  1.00  1  2080 1
 15 4 HCl     D (37)Cl              27  0.000038E-00     0     0  39  0.40  0.000  1.00  1  2078 1
 16 1 HBr     H (79)Br              19  0.506780E-00     0     0  80  0.40  0.000  1.00  1  2559 1
 16 2 HBr     H (81)Br              11  0.493060E-00     0     0  82  0.40  0.000  1.00  1  2559 1
 16 3 HBr     D (79)Br              29  0.000079E-00     0     0  81  0.40  0.000  1.00  1  1840 1
 16 4 HBr     D (81)Br              21  0.000077E-00     0     0  83  0.40  0.000  1.00  1  1840 1
 17 1 HI      H (127)I              17  0.999844E-00     0     0  28  0.40  0.000  1.00  1  2230 1
 17 2 HI      D (127)I              27  0.000156E-00     0     0  29  0.40  0.000  1.00  1  1600 1
 18 1 ClO     (35)Cl (16)O          56  0.755910E-00     0     0  51  0.40  0.000  1.23  1   844 1
 18 2 ClO     (37)Cl (16)O          76  0.241720E-00     0     0  53  0.40  0.000  1.23  1   837 1
 19 1 OCS     (16)O (12)C (32)S    622  0.937390E-00     0     0  60  0.40  0.000  1.00  3   859 1   520 2  2062 1
 19 2 OCS     (16)O (12)C (34)S    624  0.041580E-00    11    +7  62  0.40  0.000  1.00  3   859 1   519 2  2061 1
 19 3 OCS     (16)O (13)C (32)S    632  0.010530E-00     0     0  61  0.40  0.000  1.00  3   855 1   520 2  2009 1
 19 4 OCS     (16)O (12)C (33)S    623  0.739908E-02     0     0  61  0.40  0.000  1.00  3   859 1   520 2  2062 1
 19 5 OCS     (18)O (12)C (32)S    822  0.187970E-02     0     0  62  0.40  0.000  1.00  3   859 1   520 2  2062 1
 19 6 OCS     (16)O (13)C (34)S    634  0.478000E-03     0     0  63  0.40  0.000  1.00  3   859 1   520 2  2026 1
 20 1 H2CO    H2 (12)C (16)O       126  0.986240E-00     0     0  30  0.40  0.000  1.50  6  2782 1  1746 1  1500 1  1167 1  2843 1  1249 1
 20 2 H2CO    H2 (13)C (16)O       136  0.011080E-00     0     0  31  0.40  0.000  1.50  6  2782 1  1746 1  1500 1  1167 1  2843 1  1249 1
 20 3 H2CO    H2 (12)C (18)O       128  0.197760E-02     0     0  32  0.40  0.000  1.50  6  2782 1  1746 1  1500 1  1167 1  2843 1  1249 1
 21 1 HOCl    H (16)O (35)Cl       165  0.755790E-00     0     0  52  0.40  0.000  1.50  3  3610 1  1240 1   724 1
 21 2 HOCl    H (16)O (37)Cl       167  0.241680E-00     0     0  54  0.40  0.000  1.50  3  3610 1  1239 1   724 1
 22 1 HO2     H (16)O2             166  0.995107E-00     0     0  33  0.40  0.000  1.50  3  1098 1  1392 1  3436 1
 23 1 H2O2    H2 (16)O2           1661  0.994952E-00     0     0  34  0.40  0.000  2.00  5  3607 1  1394 1   863 1  3608 1  1266 1
 24 1 HONO    H O N O             0000  1.000000E-00     0     0  47  0.40  0.000  1.50  6   540 1   593 1   790 1  1263 1  1699 1  3590 1
 25 1 HO2NO2  H O2 N O2           0000  1.000000E-00     0     0  79  0.40  0.000  2.00 11   200 1   400 1   500 1   633 1   735 1   803 1   880 1  1304 1  1396 1  1728 1  3540 1
 26 0 N2O5    N2O5 PLL            0000  0.000000E-00     0     0 108  0.40  0.030  2.00  9  1728 2   743 2   353 2  1338 1   614 1    85 1   577 1  1247 1   860 1
 26 1 N2O5    (14)N2 (16)O5       0000  1.000000E-00     0     0 108  0.40  0.000  2.00  9  1728 2   743 2   353 2  1338 1   614 1    85 1   577 1  1247 1   860 1
 27 0 ClNO3   ClNO3 PLL           5646  0.000000E-00     0     0  97  0.40  0.000  2.23  8  1737 1  1293 1   809 1   780 1   563 1   435 1   262 1   711 1   120 1
 27 1 ClNO3   (35)Cl O N O2       5646  0.749570E-00     0     0  97  0.40  0.000  2.23  8  1737 1  1293 1   809 1   780 1   563 1   435 1   262 1   711 1   120 1
 27 2 ClNO3   (37)Cl O N O2       7646  0.239700E-00     0     0  99  0.40  0.000  2.23  8  1737 1  1293 1   809 1   780 1   563 1   435 1   262 1   711 1   120 1
 28 1 HCN     H (12)C (14)N        124  0.985110E-00     0     0  27  2.60  0.000  1.00  3  3311 1   712 2  2097 1
 28 2 HCN     H (13)C (14)N        134  0.011070E-00     0     0  28  2.60  0.000  1.00  3  3311 1   713 2  2097 1
 28 3 HCN     H (12)C (15)N        125  0.362170E-02     0     0  28  2.60  0.000  1.00  3  3311 1   713 2  2097 1
 29 1 CH3F    (12)C H3 (19)F      0000  1.000000E-00     0     0  34  0.40  0.000  1.50  6  2930 1  1464 1  1049 1  3006 2  1467 2  1182 2
 30 1 CH3Cl   (12)C H3 (35)Cl      215  0.748940E-00     0     0  50  0.40  0.000  1.50  6  2968 1  1355 1   733 1  3039 2  1452 2  1018 2
 30 2 CH3Cl   (12)C H3 (37)Cl      217  0.239490E-00     0     0  52  0.40  0.000  1.50  6  2968 1  1355 1   733 1  3039 2  1452 2  1018 2
 31 0 CF4     CF4 PLL              000  0.000000E-00     0     0  88  0.40  0.015  1.50  4   909 1   435 2  1283 3   632 3
 31 1 CF4     (12)C (19)F4         000  1.000000E-00     0     0  88  0.40  0.000  1.50  4   909 1   435 2  1283 3   632 3
 32 0 CCl2F2  CCl2F2 PLL           000  0.000000E-00     0     0 121  0.40  0.000  1.50  9  1102 1   667 1   468 1   262 1   321 1  1161 1   462 1   923 1   437 1
 32 1 CCl2F2  (12)C Cl2 (19)F2     000  1.000000E-00     0     0 121  0.40  0.000  1.50  9  1102 1   667 1   468 1   262 1   321 1  1161 1   462 1   923 1   437 1
 33 0 CCl3F   CCl3F PLL            000  0.000000E-00     0     0 137  0.40  0.044  1.50  6  1083 1   535 1   351 1   847 2   395 2   243 2
 33 1 CCl3F   (12)C Cl3 (19)F      000  1.000000E-00     0     0 137  0.40  0.000  1.50  6  1083 1   535 1   351 1   847 2   395 2   243 2
 34 1 CH3CCl3 C H3 C Cl3           000  1.000000E-00     0     0 133  0.40  0.000  2.00 12   344 1   526 1  1010 1  1386 1  2951 1   239 2   303 2   724 2  1088 2  1455 2  3013 2   239 2
 35 0 CCl4    CCl4 PLL             000  0.000000E-00     0     0 154  0.40  0.000  1.50  4   464 1   217 2   799 3   316 3
 35 1 CCl4    (12)C Cl4            000  1.000000E-00     0     0 154  0.40  0.000  1.50  4   464 1   217 2   799 3   316 3
 36 1 COF2    (12)C O F2           269  0.986540E-00     0     0  66  0.40  0.000  1.50  6  1944 1   963 1   582 1  1242 1   619 1   774 1
 36 2 COF2    (13)C O F2           369  0.011080E-00     0     0  67  0.40  0.000  1.50  6  1944 1   963 1   582 1  1242 1   619 1   774 1
 37 1 COFCl   C O F 35Cl          2695  1.000000E-00     0     0  82  0.40  0.000  1.50  6  1868 1  1095 1   764 1   501 1   415 1   667 1
 37 2 COFCl   C O F 37Cl          2697  1.000000E-00     0     0  84  0.40  0.000  1.50  6  1868 1  1095 1   764 1   501 1   415 1   667 1
 38 0 C2H6    C2H6 PLL            1221  0.000000E-00     0     0  30  0.40  0.000  1.90 12  2954 1  1388 1   995 1   289 0  2896 1  1379 1  2969 2  1468 2  1190 2  2985 2  1469 2   822 2
 38 1 C2H6    (12)C2 H6           1221  0.976690E-00     0     0  30  0.40  0.000  1.90 12  2954 1  1388 1   995 1   289 0  2896 1  1379 1  2969 2  1468 2  1190 2  2985 2  1469 2   822 2
 38 2 C2H6    (12)CH3(13)CH3      1221  0.976690E-00     0     0  31  0.40  0.000  1.90 12  2954 1  1388 1   995 1   289 0  2896 1  1379 1  2969 2  1468 2  1190 2  2985 2  1469 2   822 2
 39 1 C2H4    (12)C2 H4            221  0.977294E-00     0     0  28  0.40  0.000  1.50 12  3026 1  1623 1  1342 1  1023 1  3103 1  1236 1   949 1   943 1  3106 1   826 1  2989 1  1444 1
 39 2 C2H4    (12)CH2(13)CH2       231  0.219595E-01     0     0  29  0.40  0.000  1.50 12  3026 1  1623 1  1342 1  1023 1  3103 1  1236 1   949 1   943 1  3106 1   826 1  2989 1  1444 1
 40 1 C2H2    (12)C2 H2           1221  0.977600E-00     0     0  26  0.40  0.000  1.00  5  3374 1  1974 1  3289 2   612 1   730 1
 40 2 C2H2    (12)CH (13)CH       1231  0.021970E-00     0     0  27  0.40  0.000  1.00  5  3374 1  1974 1  3289 2   612 1   730 1
 40 3 C2H2    (12)C2 HD           1222  0.000305E-00     0     0  27  0.40  0.000  1.00  5  3374 1  1974 1  3289 2   612 1   730 1
 41 0 N2      N2 CIA                44  0.000000E-00     0     0  28  0.40  0.000  1.00  1  2330 1
 41 1 N2      (14)N2                44  0.992687E-00     0     0  28  0.40  0.000  1.00  1  2330 1
 41 2 N2      (14)N (15)N           44  0.007300E-00     0     0  29  0.40  0.000  1.00  1  2300 1
 42 0 CHClF2  F22 PLL             0000  1.000000E-00     0     0  86  0.40  0.012  1.50  9  3022 1  1313 1  1109 1   809 1   596 1   413 1  1352 1  1127 1   366 1
 42 1 CHClF2  C H Cl F2           0000  1.000000E-00     0     0  86  0.40  0.000  1.50  9  3022 1  1313 1  1109 1   809 1   596 1   413 1  1352 1  1127 1   366 1
 43 1 COCl2   C O 35Cl 35Cl       0000  0.562500E-00     0     0  98  0.40  0.000  1.50  6  1830 1   574 1   303 1   586 1   849 1   445 1
 43 2 COCl2   C O 35Cl 37Cl       0000  0.375000E-00     0     0 100  0.40  0.000  1.50  6  1830 1   574 1   303 1   586 1   848 1   445 1
 43 3 COCl2   C O 37Cl 37Cl       0000  0.062500E-00     0     0 102  0.40  0.000  1.50  6  1830 1   574 1   303 1   586 1   847 1   445 1
 44 1 CH3Br   (12)C H3 (79)Br     0000  1.000000E-00     0     0  94  0.40  0.000  1.50  6  2973 1  1306 1   611 1  3056 2  1443 2   955 2
 44 2 CH3Br   (12)C H3 (81)Br     0000  1.000000E-00     0     0  96  0.40  0.000  1.50  6  2973 1  1306 1   611 1  3056 2  1443 2   955 2
 45 1 CH3I    (12)C H3 (127)I     0000  1.000000E-00     0     0 142  0.40  0.000  1.50  6  2933 1  1252 1   533 1  3060 2  1436 2   882 2
 46 1 HCOOH   H (12)C O O H        126  0.983898E-00     0     0  46  0.40  0.000  1.50  9  3570 1  2943 1  1770 1  1387 1  1229 1  1105 1   625 1  1033 1   638 1
 47 1 H2S     H2 (32)S             121  0.949880E-00     0     0  34  0.40  0.000  1.50  3  2615 1  1183 1  2626 1
 47 2 H2S     H2 (34)S             141  0.042140E-00     0     0  36  0.40  0.000  1.50  3  2615 1  1183 1  2626 1
 47 3 H2S     H2 (33)S             131  0.007498E-00     0     0  35  0.40  0.000  1.50  3  2615 1  1183 1  2626 1
 48 1 CHCl2F  C H Cl2 F           0000  1.000000E-00     0     0 103  0.40  0.000  1.50  9  3024 1  1315 1  1079 1   744 1   458 1   277 1  1238 1   807 1   367 1
 49 1 HDO     H D (16)O            162  0.031069E-02     0     0  19  0.00  0.000  1.50  3  1403 1  2724 1  3707 1
 49 2 HDO     H D (18)O            182  0.000623E-03     0     0  21  0.00  0.000  1.50  3  1403 1  2724 1  3708 1
 49 3 HDO     H D (17)O            172  0.000116E-02     0     0  20  0.00  0.000  1.50  3  1403 1  2724 1  3708 1
 50 0 SF6     SF6  PLL            0000  0.000000E-00     0     0 146  0.40  0.022  1.50  6   774 1   642 2   948 3   615 3   523 3   346 3
 50 1 SF6     (32)S (19)F6        0000  1.000000E-00     0     0 146  0.40  0.000  1.50  6   774 1   642 2   948 3   615 3   523 3   346 3
 51 0 F113    CClF2CCl2F Pseudo   0000  0.000000E-00     0     0 187  0.40  0.000  2.00 12  1100 1   807 1   348 1   675 1   372 1  1250 2   619 2   372 2   778 2   271 2   114 2    68 2
 51 1 F113    CClF2CCl2F          0000  1.000000E-00     0     0 187  0.40  0.000  2.00 12  1100 1   807 1   348 1   675 1   372 1  1250 2   619 2   372 2   778 2   271 2   114 2    68 2
 52 1 ClCN    ClCN                0000  1.000000E-00     0     0  62  0.40  0.000  1.00  3  2570 1   685 1  1028 1
 53 0 F142b   CH3CClF2 PLL        0000  1.000000E-00     0     0 101  0.40  0.000  2.00 17  3141 1  3063 1  1484 1  1422 1  1218 1  1130 1   892 1   669 1   539 1   424 1   301 1  3158 1  1480 1  1185 1   963 1   430 1   330 1   237 1
 54 0 dust_m  Mars Dust PLL       0000  1.000000E-00     0     0   0  0.40  0.000  0.00  0
 55 1 PH3     PH3                 1111  0.999550E-00     0     0  34  0.40  0.000  1.50  4  3337 1   992 1  3444 2  1180 2
 56 0 CH3OH   Methanol PLL        0000  0.000000E-00     0     0  32  0.40  0.000  1.90 12  3681 1  2999 1  2844 1  1477 1  1454 1  1340 1  1074 1  1033 1  2970 1  1465 1  1145 1   270 0
 56 1 CH3OH   Methanol (CH3OH)    0000  1.000000E-00     0     0  32  0.40  0.000  1.90 12  3681 1  2999 1  2844 1  1477 1  1454 1  1340 1  1074 1  1033 1  2970 1  1465 1  1145 1   270 0
 57 0 CH3SH   Methyl Mercaptan    0000  1.000000E-00     0     0  48  0.40  0.000  1.90 12  3015 1  2948 1  2605 1  1453 1  1332 1  1072 1   802 1   710 1  3012 1  1444 1   956 1   200 0
 58 0 CH3CHO  Acetaldehyde        0000  1.000000E-00     0     0  44  0.40  0.000  1.50 15  3005 1  2917 1  2822 1  1743 1  1441 1  1400 1  1352 1  1113 1   919 1   509 1  2967 1  1420 1   867 1   763 1   180 1
 59 0 CH3CN   Aceto-Nitrile       0000  1.000000E-00     0     0  41  0.40  0.000  1.50  8  2954 1  2267 1  1385 1   920 1  3009 2  1448 2  1041 2   362 2
 59 1 CH3CN   Aceto-Nitrile       0000  1.000000E-00     0     0  41  0.40  0.000  1.50  8  2954 1  2267 1  1385 1   920 1  3009 2  1448 2  1041 2   362 2
 60 0 PAN     C2H3O5N PLL         0000  1.000000E-00     0     0 121  0.40  0.000  2.00 27  3164 1  3121 1  3058 1  1880 1  1806 1  1475 1  1471 1  1400 1  1352 1  1172 1  1065 1   999 1   984 1   828 1   806 1   736 1   727 1   616 1   585 1   495 1   373 1   327 1   316 1   100 1    96 1    82 1    24 1
 61 0 NF3     NF3  PLL            0000  1.000000E-00     0     0 146  0.40  0.000  1.50  4  1032 1   647 1   905 2   493 2
 62 0 ClOOCl  ClOOCl Birk/zhu     0000  1.000000E-00     0     0 103  0.40  0.000  1.50  6   753 1   543 1   326 1   127 1   647 1   418 1
 63 0 ClClO2  ClClO2 Muller/zhu   0000  1.000000E-00     0     0 103  0.40  0.000  1.50  6  1041 1   524 1   440 1   271 1  1218 1   251 1
 64 0 ClOClO  ClOClO Jacobs/zhu   0000  1.000000E-00     0     0 103  0.40  0.000  1.50  6   994 1   696 1   440 1   338 1   258 1   116 1
 65 0 CHF3    HFC-23 PLL          0000  1.000000E-00     0     0  70  0.40  0.000  1.50  6  3035 1  1141 1   700 1  1378 2  1158 2   508 2
 66 0 F141b   CH3CCl2F PLL        0000  1.000000E-00     0     0 117  0.40  0.000  2.00 17  3141 1  3063 1  1095 1  1163 1   418 1   529 1   928 1   757 1  1120 1  1387 1   225 1  3158 1   480 1   300 1   275 1   250 1   225 1   200 1
 67 0 CH3COOH Acetic Acid PLL     0000  1.000000E-00     0     0  60  0.40  0.000  1.50 18  3583 1  3051 1  2944 1  1788 1  1430 1  1382 1  1264 1  1182 1   989 1   847 1   657 1   581 1  2996 1  1430 1  1048 1   642 1   534 1    93 1
 68 0 cirrus6 Cirrus 6um PLL      0000  1.000000E-00     0     0   0  0.40  0.000  0.00  0
 69 0 cirrus15Cirrus 15um PLL     0000  1.000000E-00     0     0   0  0.40  0.000  0.00  0
 70 0 C3H8    Propane PLL         0000  0.000000E-00     0     0  44  0.40  0.000  2.00 27  2977 1  2962 1  2887 1  1476 1  1462 1  1392 1  1158 1   869 1   369 1  2967 1  1451 1  1278 1   940 1   216 0  2968 1  2887 1  1464 1  1378 1  1338 1  1054 1   922 1  2973 1  2968 1  1472 1  1192 1   748 1   268 0
 70 1 C3H8    Propane             0000  1.000000E-00     0     0  44  0.40  0.000  2.00 27  2977 1  2962 1  2887 1  1476 1  1462 1  1392 1  1158 1   869 1   369 1  2967 1  1451 1  1278 1   940 1   216 0  2968 1  2887 1  1464 1  1378 1  1338 1  1054 1   922 1  2973 1  2968 1  1472 1  1192 1   748 1   268 0
 71 1 D2O     D (16)O D            262  2.420000E-08     0     0  20  0.00  0.000  1.50  3  2672 1  1178 1  2788 1
 71 2 D2O     D (18)O D            282  4.840000E-11  -000     0  22  0.00  0.000  1.50  3  2672 1  1178 1  2788 1
 71 3 D2O     D (17)O D            272  8.998000E-12   -00     0  21  0.00  0.000  1.50  3  2672 1  1178 1  2788 1
 72 0 sa_venus Venus H2SO4 85%    0000  1.000000E-00     0     0   0  0.40  0.000  0.00  0
 73 0 C6H6    Benzene PLL         0000  0.000000E-00     0     0  78  0.40  0.000  1.50 20  3074 1   993 1  1350 1   674 1  3057 1  1010 1   990 1   707 1  1310 1  1149 1   846 2  3048 2  1484 2  1038 2  3057 2  1610 2  1178 2   608 2   967 2   398 2
 73 1 C6H6    Benzene             0000  1.000000E-00     0     0  78  0.40  0.000  1.50 20  3074 1   993 1  1350 1   674 1  3057 1  1010 1   990 1   707 1  1310 1  1149 1   846 2  3048 2  1484 2  1038 2  3057 2  1610 2  1178 2   608 2   967 2   398 2
 74 0 C3H6    Propene PLL         0000  1.000000E-00     0     0  42  0.40  0.000  2.13 21  3092 1  3015 1  2991 1  2973 1  2931 1  1653 1  1451 1  1420 1  1378 1  1298 1  1170 1   935 1   919 1   426 1  2954 1  1443 1  1045 1   991 1   913 1   576 1   188 0
 74 1 C3H6    Propene             0000  1.000000E-00     0     0  42  0.40  0.000  2.13 21  3092 1  3015 1  2991 1  2973 1  2931 1  1653 1  1451 1  1420 1  1378 1  1298 1  1170 1   935 1   919 1   426 1  2954 1  1443 1  1045 1   991 1   913 1   576 1   188 0 
 75 0 CH3COCH3 Acetone            0000  1.000000E-00     0     0  58  0.40  0.000  1.50 24  3019 1  2937 1  1731 1  1435 1  1364 1  1066 1   777 1   385 1  2963 1  1426 1   877 1   105 1  3019 1  2937 1  1410 1  1364 1  1216 1   891 1   530 1  2972 1  1454 1  1091 1   484 1   109 1
 76 0 CFH2CF3 HFC-134a            0000  1.000000E-00     0     0 102  0.40  0.044  1.50 18  2981 1  1462 1  1428 1  1301 1  1185 1  1104 1   843 1   666 1   549 1   408 1   225 1  3010 1  1294 1  1191 1   973 1   540 1   358 1   110 1
:77 0 n-C4H10 n-Butane PLL        0000  1.000000E-00     0     0  58  0.40  0.000  2.15 30  1460 1  1442 1  1382 1  1361 1  1151 1  1059 1   837 1   425 1  1466 1  1263 1   948 1   732 1   194 1   102 1  2912 1  1460 1  1300 1  1180 1   803 1  225  1  2870 1  2853 1  1466 1  1466 1  1384 1  1295 1  1009 1   965 1   271 1
 77 0 n-C4H10 n-Butane PLL        0000  1.000000E-00     0     0  58  0.40  0.000  2.00 30  2872 1  2853 1  1460 1  1442 1  1382 1  1361 1  1151 1  1059 1   837 1   425 1  1466 1  1263 1   948 1   732 1   206 1   121 1  1460 1  1300 1  1180 1   803 1   225 1  2870 1  2853 1  1466 1  1457 1  1383 1  1294 1  1009 1   966 1   262 1
 78 0 C5H8    Isoprene PLL        0000  1.000000E-00     0     0  68  0.40  0.000  2.00 33  3101 1  3091 1  3019 1  2986 1  3012 1  2996 1  2913 1  1650 1  1604 1  1467 1  1428 1  1418 1  1384 1  1304 1  1288 1  1071 1   994 1   954 1   776 1   519 1   412 1   276 1  2957 1  1444 1  1069 1   992 1   906 1   893 1   758 1   625 1   395 1   200 1   157 1
 79 1 LUFT    Air                 0000  1.000000E-00     0     0  29  0.40  0.000  0.00  0
