12965.107900  0.510E-04  0.712E+00 0.580E-03   1804.8773  .0276  0.63  -.009000    P 35P 35
12966.808700  0.499E-04  -.702E+00 -.578E-03   1803.1765  .0276  0.63  -.009000    P 35Q 34
12977.107380  0.125E-03  0.712E+00 0.580E-03   1608.0680  .0292  0.63  -.009000    P 33P 33
12978.825380  0.122E-03  -.702E+00 -.577E-03   1606.3500  .0292  0.63  -.009000    P 33Q 32
12988.722740  0.290E-03  0.713E+00 0.579E-03   1422.4995  .0310  0.63  -.009000    P 31P 31
12990.458040  0.283E-03  -.701E+00 -.576E-03   1420.7642  .0310  0.63  -.009000    P 31Q 30
12999.957240  0.634E-03  0.713E+00 0.578E-03   1248.2019  .0328  0.63  -.009000    P 29P 29
13001.709840  0.618E-03  -.701E+00 -.575E-03   1246.4493  .0328  0.63  -.009000    P 29Q 28
13010.812660  0.130E-02  0.714E+00 0.578E-03   1085.2037  .0347  0.63  -.009000    P 27P 27
13012.582860  0.127E-02  -.700E+00 -.575E-03   1083.4335  .0347  0.63  -.009000    P 27Q 26
13021.291250  0.253E-02  0.714E+00 0.578E-03    933.5311  .0366  0.63  -.009000    P 25P 25
13023.079050  0.245E-02  -.700E+00 -.575E-03    931.7433  .0366  0.63  -.009000    P 25Q 24
13031.394530  0.461E-02  0.715E+00 0.578E-03    793.2088  .0385  0.63  -.009000    P 23P 23
13033.200130  0.445E-02  -.699E+00 -.574E-03    791.4032  .0385  0.63  -.009000    P 23Q 22
13041.125130  0.789E-02  0.715E+00 0.579E-03    664.2595  .0404  0.63  -.008000    P 21P 21
13042.948730  0.759E-02  -.698E+00 -.573E-03    662.4359  .0404  0.63  -.008500    P 21Q 20
13050.481250  0.127E-01  0.716E+00 0.578E-03    546.7042  .0421  0.64  -.005900    P 19P 19
13052.323250  0.121E-01  -.697E+00 -.573E-03    544.8622  .0421  0.64  -.007300    P 19Q 18
13059.466980  0.191E-01  0.717E+00 0.578E-03    440.5618  .0438  0.65  -.006400    P 17P 17
13061.327780  0.181E-01  -.696E+00 -.573E-03    438.7010  .0438  0.65  -.005200    P 17Q 16
13068.082320  0.268E-01  0.718E+00 0.578E-03    345.8495  .0453  0.66  -.006400    P 15P 15
13069.962420  0.253E-01  -.695E+00 -.573E-03    343.9694  .0453  0.66  -.005100    P 15Q 14
13076.327800  0.349E-01  0.720E+00 0.579E-03    262.5827  .0468  0.70  -.006800    P 13P 13
13078.228000  0.326E-01  -.693E+00 -.573E-03    260.6825  .0468  0.70  -.006100    P 13Q 12
13084.203960  0.422E-01  0.722E+00 0.581E-03    190.7748  .0484  0.72  -.005800    P 11P 11
13086.125660  0.389E-01  -.690E+00 -.573E-03    188.8531  .0484  0.72  -.005700    P 11Q 10
13091.710920  0.467E-01  0.725E+00 0.583E-03    130.4375  .0500  0.74  -.005700    P  9P  9
13093.656320  0.422E-01  -.686E+00 -.574E-03    128.4921  .0500  0.74  -.006000    P  9Q  8
13098.848820  0.468E-01  0.730E+00 0.586E-03     81.5805  .0518  0.73  -.006100    P  7P  7
13100.822320  0.409E-01  -.679E+00 -.575E-03     79.6070  .0518  0.73  -.004900    P  7Q  6
13105.617500  0.411E-01  0.739E+00 0.592E-03     44.2117  .0539  0.74  -.004900    P  5P  5
13107.629100  0.340E-01  -.667E+00 -.578E-03     42.2001  .0539  0.74  -.004600    P  5Q  4
13112.016560  0.297E-01  0.756E+00 0.605E-03     18.3372  .0566  0.70  -.004300    P  3P  3
13114.100860  0.214E-01  -.632E+00 -.588E-03     16.2529  .0566  0.70  -.004000    P  3Q  2
13118.045550  0.136E-01  0.816E+00 0.653E-03      3.9611  .0600  0.72  -.002800    P  1P  1
13126.392660  0.136E-01  0.577E+00 0.462E-03      3.9611  .0566  0.70  -.002700    R  1R  1
13128.269460  0.229E-01  -.775E+00 -.543E-03      2.0843  .0566  0.70  -.002300    R  1Q  2
13131.492000  0.297E-01  0.655E+00 0.523E-03     18.3372  .0539  0.74  -.002200    R  3R  3
13133.441600  0.385E-01  -.745E+00 -.553E-03     16.3876  .0539  0.74  -.003200    R  3Q  4
13136.217620  0.411E-01  0.674E+00 0.539E-03     44.2117  .0518  0.73  -.002800    R  5R  5
13138.205320  0.491E-01  -.734E+00 -.556E-03     42.2240  .0518  0.73  -.003500    R  5Q  6
13140.567920  0.468E-01  0.683E+00 0.545E-03     81.5805  .0500  0.74  -.004400    R  7R  7
13142.583820  0.535E-01  -.728E+00 -.558E-03     79.5646  .0500  0.74  -.004700    R  7Q  8
13144.541260  0.467E-01  0.688E+00 0.549E-03    130.4375  .0484  0.72  -.004100    R  9R  9
13146.580960  0.522E-01  -.724E+00 -.559E-03    128.3978  .0484  0.72  -.003600    R  9Q 10
13148.135700  0.422E-01  0.692E+00 0.551E-03    190.7748  .0468  0.70  -.005200    R 11R 11
13150.197100  0.463E-01  -.721E+00 -.560E-03    188.7134  .0468  0.70  -.004300    R 11Q 12
13151.349120  0.349E-01  0.694E+00 0.553E-03    262.5827  .0453  0.66  -.005200    R 13R 13
13153.430920  0.379E-01  -.719E+00 -.560E-03    260.5009  .0453  0.66  -.004700    R 13Q 14
13154.179280  0.268E-01  0.696E+00 0.554E-03    345.8495  .0438  0.65  -.006200    R 15R 15
13156.280680  0.288E-01  -.718E+00 -.560E-03    343.7481  .0438  0.65  -.006000    R 15Q 16
13156.623650  0.191E-01  0.697E+00 0.555E-03    440.5618  .0421  0.64  -.004600    R 17R 17
13158.680430  0.127E-01  0.698E+00 0.556E-03    546.7042  .0404  0.63  -.007800    R 19R 19
13158.744050  0.204E-01  -.717E+00 -.560E-03    438.4414  .0421  0.64  -.005100    R 17Q 18
13160.343830  0.789E-02  0.699E+00 0.557E-03    664.2595  .0385  0.63  -.009000    R 21R 21
13160.741600  0.510E-04  0.702E+00 0.559E-03   1804.8773  .0262  0.63  -.009000    R 35R 35
13160.819530  0.135E-01  -.716E+00 -.561E-03    544.5651  .0404  0.63  -.008500    R 19Q 20
13161.613550  0.461E-02  0.700E+00 0.557E-03    793.2088  .0366  0.63  -.009000    R 23R 23
13161.917200  0.125E-03  0.702E+00 0.560E-03   1608.0680  .0276  0.63  -.009000    R 33R 33
13162.485260  0.253E-02  0.700E+00 0.557E-03    933.5311  .0347  0.63  -.009000    R 25R 25
13162.501230  0.835E-02  -.715E+00 -.560E-03    662.1021  .0385  0.63  -.009000    R 21Q 22
13162.675880  0.290E-03  0.701E+00 0.558E-03   1422.4995  .0292  0.63  -.009000    R 31R 31
13162.955440  0.130E-02  0.701E+00 0.558E-03   1085.2037  .0328  0.63  -.009000    R 27R 27
13163.020340  0.634E-03  0.701E+00 0.559E-03   1248.2019  .0310  0.63  -.009000    R 29R 29
13163.789150  0.486E-02  -.714E+00 -.561E-03    791.0332  .0366  0.63  -.009000    R 23Q 24
13164.182200  0.130E-03  -.712E+00 -.561E-03   1605.8030  .0276  0.63  -.009000    R 33Q 34
13164.678960  0.266E-02  -.714E+00 -.561E-03    931.3374  .0347  0.63  -.009000    R 25Q 26
13164.923080  0.303E-03  -.713E+00 -.561E-03   1420.2523  .0292  0.63  -.009000    R 31Q 32
13165.167040  0.137E-02  -.713E+00 -.561E-03   1082.9921  .0328  0.63  -.009000    R 27Q 28
13165.249740  0.662E-03  -.713E+00 -.562E-03   1245.9725  .0310  0.63  -.009000    R 29Q 30
