    5902.948800 0.1530E-21  470.8000 0.85 -.009837  p   9F11      9  .5150E-01   0.5833 -0.0734
    5902.964500 0.1470E-21  470.8000 0.85 -.010984  p   9F21      9  .5500E-01   0.5778 -0.0579
    5903.103500 0.4032E-22  470.8000 0.85 -.011212  p   9F        9  .5880E-01                 
    5903.159100 0.9395E-22  470.8000 0.85 -.011535  p   9E 1      9  .5160E-01   0.5270 -0.0713
    5903.180000 0.1337E-21  470.8000 0.85 -.012128  p   9F12      9  .5810E-01   0.5816 -0.0650
    5903.286100 0.2280E-21  470.8310 0.85 -.004474  p   9A11      9  .4710E-01   0.5615 -0.0606
    5903.337600 0.1417E-21  470.8000 0.85 -.013251  p   9F13      9  .3670E-01   0.5093 -0.0588
    5903.365400 0.1419E-21  470.8000 0.85 -.022923  p   9F22      9  .3710E-01   0.5378 -0.0555
    5903.385700 0.2081E-21  470.8729 0.85 -.018701  p   9A21      9  .4840E-01   0.5676 -0.0533
    5914.751500 0.3316E-21  376.7304 0.85 -.009542  p   8A11      8  .5270E-01   0.5271 -0.0681
    5914.765100 0.2042E-21  376.8048 0.85 -.011415  p   8F11      8  .6110E-01   0.6105 -0.0641
    5914.776200 0.1933E-21  376.8213 0.85 -.011819  p   8E 1      8  .6070E-01   0.4784 -0.0674
    5914.918100 0.2096E-21  376.8263 0.85 -.012297  p   8F21      8  .5750E-01   0.5883 -0.0591
    5915.000600 0.2119E-21  376.7337 0.85 -.006886  p   8F12      8  .5150E-01   0.5680 -0.0574
    5915.046100 0.1471E-21  376.7356 0.85 -.018829  p   8E 2      8  .3900E-01   0.5551 -0.0621
    5915.063100 0.1924E-21  376.7859 0.85 -.015380  p   8F22      8  .5390E-01   0.5817 -0.0718
    5926.466200 0.2877E-21  293.1266 0.85 -.010461  p   7F11      7  .5580E-01   0.5979 -0.0663
    5926.483700 0.2815E-21  293.1230 0.85 -.008568  p   7F21      7  .6090E-01   0.6302 -0.0681
    5926.575500 0.4720E-21  293.1542 0.85 -.012925  p   7A21      7  .5680E-01   0.5872 -0.0761
    5926.625000 0.2792E-21  293.1646 0.85 -.010544  p   7F22      7  .5570E-01   0.6096 -0.0596
    5926.648200 0.1865E-21  293.1701 0.85 -.011407  p   7E 1      7  .3940E-01   0.4715 -0.0737
    5926.678500 0.2750E-21  293.1787 0.85 -.016513  p   7F12      7  .5630E-01   0.5863 -0.0690
    5938.057100 0.2401E-21  219.9135 0.85 -.010637  p   6E 1      6  .5600E-01   0.6032 -0.0724
    5938.066100 0.3598E-21  219.9368 0.85 -.009564  p   6F21      6  .6250E-01   0.6527 -0.0750
    5938.094700 0.5876E-21  219.9199 0.85 -.004468  p   6A21      6  .5760E-01   0.6076 -0.0597
    5938.167600 0.3635E-21  219.9150 0.85 -.016996  p   6F22      6  .5280E-01   0.6371 -0.0676
    5938.190100 0.3519E-21  219.9413 0.85 -.021381  p   6F11      6  .5080E-01   0.6267 -0.0643
    5938.208600 0.5694E-21  219.9452 0.85 -.016307  p   6A11      6  .5500E-01   0.5896 -0.0577
    5949.527600 0.4218E-21  157.1243 0.85 -.012836  p   5F11      5  .6330E-01   0.6165 -0.0614
    5949.552600 0.4088E-21  157.1279 0.85 -.007199  p   5F21      5  .6280E-01   0.6629 -0.0675
    5949.610000 0.3550E-21  157.1389 0.85 -.018064  p   5E 1      5  .5650E-01   0.6415 -0.0741
    5949.621400 0.3160E-21  157.1372 0.85 -.015885  p   5F12      5  .5820E-01   0.5672 -0.0800
    5960.867000 0.6844E-21  104.7728 0.85 -.012641  p   4A11      4  .6450E-01   0.6478 -0.0743
    5960.883700 0.4248E-21  104.7747 0.85 -.012869  p   4F11      4  .6780E-01   0.6805 -0.0788
    5960.897500 0.3039E-21  104.7760 0.85 -.012808  p   4E 1      4  .5700E-01   0.5943 -0.0789
    5960.933900 0.4092E-21  104.7800 0.85 -.014970  p   4F21      4  .5950E-01   0.6252 -0.0678
    5972.096000 0.4020E-21   62.8758 0.85 -.010672  p   3F11      3  .6320E-01   0.6762 -0.0734
    5972.113600 0.3837E-21   62.8768 0.85 -.013291  p   3F21      3  .6940E-01   0.6685 -0.0666
    5972.134700 0.6166E-21   62.8782 0.85 -.014733  p   3A21      3  .6330E-01   0.6212 -0.0709
    5983.183900 0.1892E-21   31.4421 0.85 -.012595  p   2E 1      2  .6660E-01   0.6546 -0.0810
    5983.194200 0.2810E-21   31.4424 0.85 -.014768  p   2F21      2  .6590E-01   0.6499 -0.0752
    5994.145100 0.1118E-21   10.4816 0.85 -.014531  p   1F11      1  .5560E-01   0.5892 -0.0712
    6015.664300 0.5809E-21    0.0000 0.85 -.012562  r   0A11      0  .5830E-01   0.5797 -0.0593
    6026.227400 0.5721E-21   10.4816 0.85 -.011113  r   1F11      1  .6340E-01   0.6383 -0.0457
    6036.653600 0.4653E-21   31.4421 0.85 -.008340  r   2E 1      2  .5160E-01   0.5829 -0.0491
    6036.658400 0.8082E-21   31.4424 0.85 -.010943  r   2F21      2  .7120E-01   0.6618 -0.0480
    6046.942000 0.8289E-21   62.8768 0.85 -.007767  r   3F11      3  .6240E-01   0.6689 -0.0505
    6046.952700 0.1015E-20   62.8758 0.85 -.008415  r   3F21      3  .5930E-01   0.6561 -0.0408
    6046.964700 0.1335E-20   62.8782 0.85 -.013832  r   3A21      3  .6210E-01   0.5891 -0.0464
    6057.077800 0.8195E-21  104.7760 0.85 -.007783  r   4A11      4  .5580E-01   0.5918 -0.0536
    6057.086100 0.1278E-20  104.7728 0.85 -.011977  r   4F11      4  .6720E-01   0.6683 -0.0481
    6057.099800 0.9061E-21  104.7747 0.85 -.011219  r   4E 1      4  .5360E-01   0.5420 -0.0520
    6057.127300 0.8694E-21  104.7800 0.85 -.013366  r   4F21      4  .5600E-01   0.6192 -0.0410
    6067.081600 0.8736E-21  157.1279 0.85 -.007833  r   5F11      5  .5840E-01   0.6154 -0.0427
    6067.099700 0.8478E-21  157.1243 0.85 -.005625  r   5F21      5  .6220E-01   0.6369 -0.0536
    6067.148500 0.6272E-21  157.1372 0.85 -.014975  r   5E 1      5  .5050E-01   0.5361 -0.0425
    6067.157000 0.7856E-21  157.1389 0.85 -.015644  r   5F12      5  .5890E-01   0.6008 -0.0549
    6076.928000 0.4893E-21  219.9135 0.85 -.010882  r   6E 1      6  .5330E-01   0.5518 -0.0602
    6076.935000 0.7814E-21  219.9368 0.85 -.006971  r   6F21      6  .5490E-01   0.6300 -0.0665
    6076.954000 0.1226E-20  219.9199 0.85 -.001815  r   6A21      6  .5710E-01   0.5683 -0.0563
    6077.028300 0.7325E-21  219.9413 0.85 -.021226  r   6F22      6  .5320E-01   0.6160 -0.0558
    6077.046600 0.7554E-21  219.9150 0.85 -.021792  r   6F11      6  .4110E-01   0.6124 -0.0241
    6077.063600 0.1223E-20  219.9452 0.85 -.011803  r   6A11      6  .5210E-01   0.5833 -0.0369
    6086.622900 0.6033E-21  293.1230 0.85 -.006914  r   7F11      7  .4850E-01   0.5940 -0.0360
    6086.635000 0.6233E-21  293.1266 0.85 -.009283  r   7F21      7  .6320E-01   0.6216 -0.0527
    6086.745400 0.1012E-20  293.1542 0.85 -.013384  r   7A21      7  .5280E-01   0.5319 -0.0469
    6086.779700 0.6026E-21  293.1646 0.85 -.010149  r   7F22      7  .5450E-01   0.5851 -0.0550
    6086.799400 0.4019E-21  293.1701 0.85 -.010661  r   7E 1      7  .3530E-01   0.4284 -0.0417
    6086.830700 0.5846E-21  293.1787 0.85 -.016532  r   7F12      7  .5100E-01   0.5472 -0.0594
    6096.166500 0.5361E-21  376.8048 0.85 -.008386  r   8A11      8  .4500E-01   0.4827 -0.0620
    6096.174300 0.7130E-21  376.7304 0.85 -.010708  r   8F11      8  .4840E-01   0.5812 -0.0488
    6096.180900 0.3225E-21  376.8213 0.85 -.010709  r   8E 1      8  .7610E-01   0.4731 -0.0394
    6096.372700 0.4636E-21  376.8263 0.85 -.011417  r   8F21      8  .5400E-01   0.5884 -0.0381
    6096.424400 0.4619E-21  376.7337 0.85 -.003740  r   8F12      8  .5250E-01   0.5735 -0.0593
    6096.485600 0.3157E-21  376.7356 0.85 -.022223  r   8E 2      8  .4270E-01   0.5296 -0.0406
    6096.501500 0.4430E-21  376.7859 0.85 -.017767  r   8F22      8  .4950E-01   0.5463 -0.0519
